f1_score: 0.9886694723211396
precision_score: 0.9853202129375705
recall_score: 0.9920415786909209
