f1_score: 0.9884144859434497
precision_score: 0.9860976398318785
recall_score: 0.9907422445996427
